80
23
443
21
22
25
3389
110
445
139
143
53
135
3306
8080
1723
111
995
993
5900
1025
587
8888
199
1720
465
548
113
81
6001
10000
514
5060
179
1026
2000
8443
8000
32768
554
26
1433
49152
2001
515
8008
49154
1027
5666
646
5000
5631
631
49153
8081
2049
88
79
5800
106
2121
1110
49155
6000
513
990
5357
427
49156
543
544
5101
144
7
389
8009
3128
444
9999
5009
7070
5190
3000
5432
1900
3986
13
1029
9
6646
5051
49157
1028
873
1755
2717
4899
9100
119
37
1000
3001
5001
82
10010
1030
9090
2107
1024
2103
6004
1801
5050
19
8031
1041
255
1056
1049
1065
2967
1053
1048
1064
1054
3703
17
808
3689
1031
1044
1071
5901
100
9102
8010
5120
1039
4001
2869
9000
2105
636
1038
2601
1
7000
1066
1069
625
311
280
254
4000
1993
1761
5003
2002
1998
2005
1032
1050
6112
3690
1521
2161
6002
1080
2401
4045
902
787
7937
1058
2383
32771
1059
1040
1033
50000
5555
10001
1494
593
3
2301
1
7938
3268
1234
1022
1074
9001
8002
1036
1035
1037
464
1935
497
6666
2003
6543
24
1352
3269
1111
407
500
20
2006
1034
3260
15000
1218
4444
264
2004
33
42510
1042
3052
999
1023
222
1068
7100
888
1999
4827
563
1717
992
32770
2008
32772
7001
2007
8082
740
5550
5801
2009
512
1043
163
7019
50001
2701
1700
4662
2065
2010
42
161
2602
9535
3333
5100
5002
2604
4002
6059
1062
9415
8701
8652
8651
8089
65389
65000
64680
64623
55600
55555
52869
35500
33354
23502
20828
8194
8193
8192
2702
1311
1060
4443
9595
1051
3283
1047
9594
6789
5226
5225
32769
1052
9593
1055
16993
16992
730
3985
731
709
13782
1067
5902
366
9050
1002
85
5500
8085
51103
49999
45100
10243
5431
1864
1863
49
3495
4061
6667
90
475
1503
27000
6881
1500
340
8021
78
164
5566
9071
8088
8899
2222
6005
32773
32774
9876
1501
9101
5102
163
5679
648
1666
146
901
83
9207
8001
8083
8084
5214
14238
3476
5004
30
12345
912
2030
2605
6
541
4
1248
3005
8007
880
306
2500
4242
8291
52822
1097
9009
2525
1086
1088
900
6101
7200
2809
395
987
32775
800
12000
1083
211
705
711
20005
13783
6969
1104
5269
5222
1046
1085
5987
5989
5988
9968
9503
9502
9485
9290
9220
9011
8994
8649
8333
8222
8181
7911
7625
7106
65129
63331
6156
6129
60020
5962
5961
5960
5959
5925
5877
5825
5810
58080
57294
50800
50006
50003
49160
49159
49158
48080
40193
3766
34573
34572
34571
3404
33899
3301
3300
32782
32781
31038
30718
30000
28201
27715
25734
24800
22939
21571
20221
20031
19842
19801
19101
17988
1783
16018
16016
15003
15002
14442
13456
11110
10629
10628
10626
10621
10617
10616
10566
10025
10024
10012
1169
2190
11967
5030
5414
1057
7627
6788
8087
1947
9010
7741
14000
3367
1094
1099
1098
1075
1108
4003
1081
1093
4449
2718
6580
4129
1687
1840
3827
3580
1100
2144
1063
1061
6901
9900
1107
1106
9500
20222
7778
1077
3801
1310
1718
2119
2811
2492
2135
1070
9080
1045
16001
2399
3017
3031
1148
9002
8873
2875
8086
5718
10002
3998
20000
4126
8400
1272
3071
5911
2607
9618
2381
1096
5910
6389
7777
1072
3351
1073
3784
15660
5633
6123
3211
1078
8600
1079
3659
3551
2260
2160
1082
2100
3325
3323
8402
89
691
2020
1001
1999
32776
212
6003
2998
50002
7002
32
898
5510
3372
2033
3670
4840
3061
4165
5903
99
749
425
43
5405
6502
13722
6106
458
7007
8100
3737
5280
9091
4111
1334
3261
1152
2522
5859
2179
1247
9944
9943
9877
9666
9110
8654
8254
8180
8090
8011
7512
7435
7103
61900
61532
5922
5915
5904
5822
56738
55055
51493
50636
50389
49175
49165
49163
3546
32784
27355
27353
27352
24444
19780
18988
16012
15742
10778
2191
3011
1580
5200
3851
3371
3370
3369
7402
5054
4006
5298
3918
2126
3077
7443
3493
3828
4446
1186
1183
19283
19315
3995
62078
5963
3880
1124
1782
8500
1089
10004
1296
9998
2251
1087
3871
3030
9040
32779
32777
1021
32778
2021
616
700
666
5802
4321
1112
38292
2040
1524
545
84
49400
32780
2111
1600
2048
3006
1084
2638
6547
16080
6699
9111
6007
1533
720
2034
5560
1443
2106
555
667
801
3221
6025
3826
9200
2608
4279
7025
11111
4445
9917
9878
9575
9099
9081
9003
8290
8099
8093
8045
7921
7920
7496
6839
6792
6779
6692
6565
60443
5952
5950
5907
5906
5862
5850
5815
5811
57797
56737
5544
55056
5440
54328
54045
52848
52673
5087
50500
5033
50300
49176
49167
49161
44501
44176
41511
40911
32785
32783
30951
27356
26214
25735
19350
18101
18040
17877
16113
15004
14441
12265
12174
10215
10180
1151
5730
6689
8200
4567
8300
6100
10009
8800
5061
6566
5678
4004
4005
3800
3168
3869
5080
8022
1201
3814
1862
3905
2725
2394
2393
9898
1114
6510
8383
3914
3971
7999
7676
4900
9418
4550
2909
8042
3878
16000
1091
1090
1271
3920
6567
1138
3945
3390
1175
10003
1199
3889
3003
1131
1119
8292
3527
1122
7800
1117
4848
3809
3324
3322
3517
5221
2323
4224
981
722
1009
617
417
777
4998
714
70
6346
2022
765
301
1076
524
5999
668
2041
10082
6009
1007
4343
1417
416
2038
1434
259
44443
1984
7004
2068
911
6006
726
1010
2046
4125
109
9103
2035
1461
7201
687
1011
2013
125
903
2043
6669
6668
1455
481
2047
683
843
783
9929
5998
2042
406
256
31337
44442
2045
4040
1145
6060
6051
3916
9444
1875
7272
4147
4252
4200
13724
7024
1556
9941
9914
9815
9673
9643
9621
9501
9409
9198
9197
9098
8996
8987
8877
8766
8676
8675
8648
8540
8481
8385
8189
8098
8095
8050
8016
8015
7929
7878
7770
7749
7438
7241
7123
7051
7050
6896
6732
6711
65310
6520
6504
6247
6203
61613
60642
60146
60123
5981
5940
5938
59202
59201
59200
5918
5914
59110
5909
5905
5899
58838
5869
5868
58632
58630
5823
5818
5812
5807
58002
58001
57665
55576
55020
53535
5339
53314
53313
53211
52853
52851
52850
52849
52847
5279
52735
52710
52660
5242
5212
51413
51191
5040
50050
49401
49236
49195
49186
49171
49168
49164
4875
47544
46996
46200
44709
41523
41064
40811
3994
39659
39376
39136
38188
38185
37839
35513
33554
33453
32835
32822
32816
32803
32792
32791
31727
30704
30005
29831
29672
28211
27357
26470
23796
23052
22222
2196
21792
19900
18264
18018
17595
16851
16800
16705
15402
15001
12452
12380
12262
12215
12059
12021
10873
10058
10034
10023
10022
10011
1233
8765
9443
1137
3963
2910
9191
8686
3808
3981
2710
3852
3853
3849
3944
3929
3731
1594
1658
3792
1583
4164
3162
6481
5081
1163
3820
40000
8097
4430
4555
1287
2920
1121
1154
7744
1812
26000
1166
1164
1165
7913
2366
10160
8019
4658
4600
3870
3304
3307
1259
7278
4143
3872
10008
1092
3697
1688
9988
1322
7725
2557
1095
3410
1971
1839
2288
3859
1141
3514
1123
4949
3931
2382
6600
3957
5968
1213
1277
9600
7900
5353
1113
3700
3007
4080
3969
1132
1309
3848
7281
1244
1641
1972
3907
3972
2200
3968
1126
5223
1217
3941
8293
1300
1719
2099
6068
3013
3050
1105
1174
6550
5501
3684
2170
1328
1216
5151
2968
1805
7080
1914
1974
8889
12006
3119
5063
3400
20002
3888
1301
4009
3376
1185
1130
1147
1198
1192
1721
1149
3990
1236
3993
4096
6500
8294
3863
3846
1187
5074
1102
3824
2800
1103
780
930
803
725
2012
10005
2501
6222
1220
623
639
701
1109
2232
2241
4559
710
5680
1347
502
913
540
931
874
856
250
5010
475
1270
953
2044
8118
123
27
1222
86
1158
9992
102
441
447
442
18000
419
210
6008
5803
980
251
1013
1008
3025
5520
3299
6103
556
87
57
829
9152
1212
55
713
709
2628
2433
223
10083
7003
1550
1516
7010
943
904
840
825
792
732
1020
1006
333
657
748
2011
77
1526
557
610
1241
4333
127
1547
157
220
523
1351
1350
2067
684
674
996
602
3456
971
969
905
846
839
823
822
795
790
778
757
659
225
1015
1014
1012
862
655
3399
1522
1353
6662
1357
731
730
729
660
600
782
257
2903
2025
3632
786
998
2201
6050
2600
6017
1337
690
606
928
924
922
921
918
878
864
859
806
805
802
728
252
1005
1004
388
44334
5011
1127
411
641
3999
59
1525
758
740
12346
669
98
38037
754
2112
715
6670
1413
1414
621
2104
1229
7628
5021
5020
3220
9667
1558
1924
6115
3940
6063
6062
6055
6052
6030
6021
6015
6010
3806
5986
5985
2340
2371
4545
3810
2991
3414
6065
1290
1565
3511
1559
2723
9202
4036
4035
2312
3652
5070
3280
1317
4298
4297
4294
4262
4234
4220
4206
9300
22555
5423
7121
1927
2148
1707
1168
5055
9979
9975
9971
9919
9915
9912
9910
9908
9901
9844
9830
9826
9825
9823
9814
9812
9777
9745
9683
9680
9679
9674
9665
9661
9654
9648
9620
9619
9613
9583
9527
9513
9493
9478
9464
9454
9364
9351
9183
9170
9133
9130
9128
9125
9065
9061
9044
9037
9013
9005
9004
8980
8925
8898
8887
8882
8879
8878
8865
8843
8801
8798
8790
8772
8756
8752
8736
8680
8673
8658
8655
8644
8640
8621
8601
8562
8539
8531
8530
8515
8484
8479
8477
8455
8454
8453
8452
8451
8445
8409
8339
8308
8295
8282
8273
8268
8255
8248
8245
8232
8202
8144
8133
8110
8092
8064
8060
8037
8029
8023
8018
8014
8006
7998
7975
7895
7854
7853
7852
7830
7813
7788
7780
7772
7771
7688
7685
7654
7637
7600
7555
7553
7456
7451
7231
7218
7184
7119
7104
7102
7092
7072
7068
7067
7043
7033
6973
6972
6956
6942
6922
6920
6897
6877
6780
6734
6725
6710
6709
6650
6647
6644
6606
65514
65488
6535
65311
65048
64890
64727
64726
64551
64507
64438
64320
6412
64127
64080
63803
63675
6349
63423
6324
6323
63156
6310
63105
6309
62866
6274
6273
62674
6259
62570
62519
6250
62312
62188
62080
62042
62006
61942
61851
61827
61734
61722
61669
61617
61616
61516
61473
61402
6126
6120
61170
61169
61159
60989
6091
6090
60794
60789
60783
60782
6077
60753
60743
60728
60713
6067
60628
60621
60612
60579
60544
60504
60492
60485
60403
60401
60377
60279
60243
60227
60177
60111
60086
60055
60003
60002
60000
59987
59841
59829
59810
59778
5975
5974
5971
59684
5966
5958
59565
5954
5953
59525
59510
59509
59504
5949
59499
5948
5945
5939
5936
5934
59340
5931
5927
5926
5924
5923
59239
5921
5920
59191
5917
59160
59149
59122
59107
5908
59087
58991
58970
58908
5888
5887
5881
5878
5875
5874
58721
5871
58699
58634
58622
58610
5860
5858
58570
58562
5854
5853
5852
5849
58498
5848
58468
5845
58456
58446
58430
5840
5839
5838
58374
5836
5834
5831
58310
58305
5827
5826
58252
5824
5821
5820
5817
58164
58109
58107
5808
58072
5806
5804
57999
57988
57928
57923
57896
57891
57733
57730
57702
57681
57678
57576
57479
57398
57387
5737
57352
57350
5734
57347
57335
5732
57325
57123
5711
57103
57020
56975
56973
56827
56822
56810
56725
56723
56681
5667
56668
5665
56591
56535
56507
56293
56259
5622
5621
5620
5612
5611
56055
56016
55948
55910
55907
55901
55781
55773
55758
55721
55684
55652
55635
55579
55569
55568
55556
5552
55527
55479
55426
55400
55382
55350
55312
55227
55187
55183
55000
54991
54987
54907
54873
5475
54741
5473
54722
54688
54658
54605
5458
5457
54551
54514
5444
5442
5441
54323
54321
54276
54263
54235
54127
54101
54075
53958
53910
53852
53827
53782
5377
53742
5370
53690
53656
53639
53633
53491
5347
53469
53460
53370
53361
53319
53240
53212
53189
53178
53085
52948
5291
52893
52675
52665
5261
5259
52573
52506
52477
52391
5233
52262
52237
52230
52226
52225
5219
52173
52071
52046
52025
52003
52002
52001
52000
51965
51961
51909
51906
51809
51800
51772
51771
51658
51582
51515
51488
51485
51484
5147
51460
51423
51366
51351
51343
51300
5125
51240
51235
51234
51233
5122
5121
51139
51118
51067
51037
51020
51011
50997
5098
5096
5095
50945
5090
50903
5088
50887
50854
50849
50836
50835
50834
50833
50831
50815
50809
50787
50733
50692
50585
50577
50576
50545
50529
50513
50356
50277
50258
50246
50224
50205
50202
50198
50189
5017
5016
5014
50101
50040
50019
50016
49927
49803
49765
49762
49751
49678
49603
49597
49522
49521
49520
49519
49500
49498
49452
49398
49372
49352
4931
49302
49275
49241
49235
49232
49228
49216
49213
49211
49204
49203
49202
49201
49197
49196
49191
49190
49189
49179
49173
49172
49170
49169
49166
49132
49048
4903
49002
48973
48967
48966
48925
4881
48813
48783
4877
4876
48682
48648
48631
4860
4859
48434
48356
4819
48167
48153
48127
48083
48067
48009
47969
47966
4793
47860
47858
47850
4778
47777
4771
4770
47700
4767
47634
4760
47595
47581
47567
47448
47372
47348
47267
47197
4712
47119
47029
47012
46992
46813
46593
4649
4644
46436
46418
46372
46310
46182
46171
46115
4609
4606
46069
46034
45960
45864
45777
4570
45697
45624
45602
4558
45463
45438
45413
4534
4530
45226
45220
4517
4516
45164
45136
45050
45038
44981
44965
4476
4471
44711
44704
4464
44628
44616
44541
44505
44479
44431
44410
44380
4433
44200
4418
4415
4414
44119
44101
44004
4388
43868
4384
43823
43734
43690
43654
43425
43242
43231
43212
43143
43139
43103
43027
43018
43002
43000
42990
42906
42735
42685
42679
42675
42632
42590
42575
42560
42559
42452
42449
42322
42276
42251
42158
42127
42035
42001
41808
41773
4174
41632
41551
41442
41398
41348
41345
41342
41318
41281
41250
4120
41142
41123
40951
40834
40812
40754
40732
40712
40628
40614
40513
40489
40457
40400
40393
40306
40011
40005
40003
40002
40001
39917
39895
39883
39869
39795
39774
39763
39732
39630
39489
39482
39433
39380
39293
39265
39117
39067
38936
38805
38780
38764
38761
38570
38561
38546
38481
38446
38358
38331
38313
38270
38224
38205
38194
38029
37855
37789
37777
37674
37647
37614
37607
37522
37393
37218
37185
37174
37151
37121
36983
36962
36950
36914
36824
36823
36748
36710
36694
36677
36659
36552
36530
36508
36436
36368
36275
36256
36105
36104
36046
35986
35929
35906
35901
35900
35879
35731
35593
35553
35506
35401
35393
35392
35349
35272
35217
35131
35116
35050
35033
34875
34833
34783
34765
34728
34683
34510
34507
34401
34381
34341
34317
34189
34096
34036
34021
33895
33889
33882
33879
33841
33605
33604
33550
33523
33522
33444
33395
33367
33337
33335
33327
33277
33203
33200
33192
33175
33124
33087
33070
33017
33011
33000
32976
32961
32960
32944
32932
32911
32910
32908
32905
32904
32898
32897
32888
32871
32869
32868
32858
32842
32837
32820
32815
32814
32807
32799
32798
32797
32790
32789
32788
32765
32764
32261
32260
32219
32200
32102
32088
32031
32022
32006
31728
31657
31522
31438
31386
31339
3121
31072
31058
31033
30896
30705
30659
30644
30599
30519
30299
30195
30087
29810
29507
29243
29152
29045
28967
28924
28851
28850
28717
28567
28374
28142
28114
27770
27537
27521
27372
27351
27350
27316
27204
27087
27075
27074
27055
27016
27015
26972
26669
26417
26340
26007
26001
25847
25717
25703
25486
25473
25445
25327
25288
25262
25260
25174
24999
24616
24552
24416
24392
24218
23953
23887
23723
23451
23430
23382
23342
23296
23270
23228
23219
23040
23017
22969
22959
22882
22769
22727
22719
22711
22563
22341
22290
22223
22200
22177
22100
22063
22022
21915
21891
21728
21634
21631
21473
21078
21011
20990
20940
20934
20883
20734
20473
20280
20228
20227
20226
20225
20224
20223
20180
20179
20147
20127
20125
20118
20111
20106
20102
20089
20085
20080
20076
20052
20039
20032
20021
20017
20011
19996
19995
19852
19715
19634
19612
19501
19464
19403
19353
19201
19200
19130
19010
18962
18910
18887
18874
18669
18569
18517
18505
18439
18380
18337
18336
18231
18148
18080
18015
18012
17997
17985
17969
17867
17860
17802
17801
17715
17702
17701
17700
1753
17413
17409
17255
17251
17129
17089
17070
17017
17016
16901
16845
16797
16725
16724
16723
16464
16372
16349
16297
16286
16283
16273
16270
16048
15915
15758
15730
15722
15677
15670
15646
15645
15631
15550
15448
15344
15317
15275
15191
15190
15145
15050
15005
14916
14891
14827
14733
14693
14545
14534
14444
14443
14418
14254
14237
14218
14147
13899
13846
13784
13766
13730
13723
13695
13580
13502
13359
13340
13318
13306
13265
13264
13261
13250
13229
13194
13193
13192
13188
13167
13149
13142
13140
13132
13130
13093
13017
12962
12955
12892
12891
12865
12766
12702
12699
12414
12340
12296
12275
12271
12251
12243
12240
12225
12192
12171
12156
12146
12137
12132
12097
12096
12090
12080
12077
12034
12031
12019
12009
11940
11863
11862
11813
11735
11697
11552
11401
11296
11288
11250
11224
11200
11180
11100
11089
11033
11032
11031
11026
11019
11007
11003
10900
10878
10852
10842
10754
10699
10602
10601
10567
10565
10556
10555
10554
10553
10552
10551
10550
10535
10529
10509
10500
10494
10443
10414
10387
10357
10347
10338
10280
10255
10246
10245
10238
10093
10064
10045
10042
10035
10020
10019
10018
10006
1823
1327
3479
3653
2330
8201
3240
2580
2644
3600
4020
2700
2436
3906
4375
1584
4024
5581
5580
6251
3943
3200
1223
2142
1976
1975
5202
5201
3817
9020
4016
5111
3281
9911
3923
2439
3930
7345
7325
7320
7300
1250
1221
2973
3909
16161
14001
1607
1736
1330
3080
4158
2270
3526
5066
1204
2711
2187
1750
3430
2728
3796
5814
2888
3922
3803
3419
5250
3979
3670
3102
1605
3483
2631
7500
1645
4190
5553
5554
1303
3636
1251
1243
3712
8052
9400
1291
1208
3319
1297
3935
3897
5152
3637
1200
1811
1215
3962
3368
3860
3964
4442
9875
1128
4010
3291
1118
8401
3765
7400
2101
1699
2889
1195
1694
1730
5053
1912
1745
2250
1712
1306
2997
3532
2449
3813
2083
3799
3790
3599
3850
4355
4358
4357
4356
1262
5433
4007
4713
3089
1101
4374
3658
1268
3961
3911
1735
1858
3396
1264
1711
3967
2505
3118
4601
1321
8471
1598
1305
1314
2558
6161
4025
9022
9021
1632
9995
30001
1307
1981
2532
3443
7501
8472
9990
1808
1159
2435
1194
1622
4161
1135
3904
5723
4090
9211
9210
4141
7789
1308
9628
3519
12121
4687
4454
5012
3680
3167
8474
1239
3901
3902
3842
16900
4700
4118
1799
3812
2606
1196
10115
3928
1615
2902
2882
3890
1683
2706
3063
3062
2095
2096
5133
3363
4407
1340
4447
3795
8005
10007
3515
1806
6888
4602
1911
2438
3847
3882
5722
1261
5969
9343
5252
2583
2031
2197
2271
3837
3798
25565
2269
20001
2292
2622
11001
1207
2850
1249
21201
8003
3311
1180
2908
3936
3023
4912
3503
2463
1752
2280
4056
2623
1184
3913
3672
4342
1861
9592
7099
2372
1701
1318
6085
2081
1339
4058
2115
8900
2958
2957
4328
7071
1276
3899
2531
2691
5052
3788
1638
2551
1336
11000
48619
4029
3497
1209
3603
1331
1240
2082
3856
3602
1176
1143
4800
4100
3486
2987
2326
25001
25000
2062
1792
1156
1157
2313
3952
3919
5023
3439
1188
1125
1299
3908
2984
1715
1722
2988
1136
4999
1162
1703
3956
22128
1677
1211
1191
3057
2086
3530
4325
1708
3520
5235
1144
5015
5013
4745
1228
3210
2425
1901
5912
3787
32767
1807
3825
3622
5502
4039
1620
5557
10101
3002
1316
3728
5114
2069
1569
9616
3621
4369
1210
12001
12002
3586
1691
1282
1315
2087
7101
2124
3983
3982
2224
5234
1635
3263
4121
2291
1791
2150
3310
1958
2804
3937
3831
2253
5721
3663
4401
3949
9909
4022
1973
3876
3362
3334
47624
1825
3868
1324
1279
9131
4302
3793
1173
22125
17500
12005
6113
2584
2300
8954
9287
5137
3190
3742
2806
41795
41794
8116
1566
4300
3365
4665
3577
1713
2261
2262
1592
1190
22350
3374
2567
9694
4135
2598
1167
8470
3749
1302
3830
1709
3485
8880
2734
3505
3388
3669
2418
1871
1918
8025
2472
1153
3991
3989
3992
3681
3014
4101
6503
9700
3683
1150
4376
24554
2302
3146
8999
3415
3946
2203
1179
4192
5005
2134
4065
2080
3103
9084
2304
2812
4119
1560
1835
1116
3513
2265
3879
4087
2898
4112
1134
3948
9950
3506
9161
9160
47806
2712
1800
2325
2930
3839
1319
5672
3811
4689
2456
2901
3975
4113
2847
2070
3425
3997
3915
6579
6628
2550
8403
6350
3823
3980
2335
1182
1954
3996
3656
4599
2391
400
22273
769
983
979
973
967
965
961
942
935
926
925
914
863
858
844
834
817
815
811
809
789
779
743
1019
1989
11
1507
1492
66
32787
32786
509
706
635
762
5632
47
830
4008
5977
1444
3985
6105
578
591
678
27001
642
446
1495
5308
1441
31416
54320
7005
52
1652
682
577
985
984
974
958
952
949
946
923
916
899
897
894
889
835
824
814
807
804
798
733
727
716
237
12
10
219
525
1420
665
501
6110
122
3045
440
664
620
615
3398
771
653
75
158
861
1366
1663
833
1364
603
91
750
828
9991
860
695
101
634
538
1359
989
27010
810
510
4199
3064
847
68
76
1358
3049
1139
1680
649
707
449
104
629
2024
1517
2430
1370
988
962
948
945
941
938
936
929
927
919
906
883
881
875
872
870
866
855
851
850
841
836
826
820
819
816
813
791
745
736
735
724
719
343
334
300
28
249
230
16
1018
1016
3900
450
1988
2014
492
2018
658
1474
268
27374
1991
605
8076
1178
3086
1651
5232
1349
696
5145
50
630
7597
663
1445
1402
1465
2307
1552
5400
627
1384
7273
950
1388
92
609
741
831
353
5978
45
4660
638
112
456
760
761
2120
9104
702
6665
1404
651
1389
1551
661
5300
491
6347
221
4557
1214
640
647
448
1356
6401
507
1484
673
1523
1400
1399
632
1385
5191
1346
6143
676
214
3141
670
970
968
964
963
960
959
951
947
944
939
933
909
895
891
879
869
868
867
854
837
821
812
797
796
794
788
756
734
721
718
708
703
60
40
253
231
14
1017
1003
1996
27665
1527
69
1475
97
656
633
8892
975
5530
2026
3397
4500
560
180
1354
1497
628
4480
1403
35
8123
11371
553
1995
511
18182
18184
723
1466
611
1486
689
1650
1668
1664
15
832
137
13720
991
561
3292
685
997
505
1496
637
1762
51
751
9107
9106
9105
994
194
213
1539
1412
1515
886
1405
1435
692
694
1369
103
1401
402
1997
1372
681
680
704
644
2064
675
1379
47557
2015
1467
624
799
454
622
1476
1373
3264
6701
1387
770
14141
1348
182
201
262
1381
654
6588
1535
7009
58
2023
177
776
26208
4144
2627
1498
1519
672
677
1545
1398
2431
3457
697
401
982
978
972
966
957
956
934
920
915
908
907
892
890
885
884
882
877
876
865
857
853
852
849
842
838
827
818
793
785
784
755
746
738
737
717
34
336
325
303
276
273
236
235
233
181
604
9051
1362
493
712
1437
601
412
1529
871
95
1994
1992
1990
133
6145
486
362
193
200
118
6111
608
1549
2027
115
1537
1368
1436
1426
774
688
1531
38
129
645
136
3531
1827
65301
16444
1446
18183
18181
260
536
764
698
94
4132
261
607
308
1667
1662
1661
74
73
71
1493
138
13713
404
5997
6544
1510
568
29
31
397
44
6147
1528
350
224
6146
1986
1763
2053
399
1355
1454
1390
1393
1394
887
1376
418
1424
1410
1409
7634
686
5301
5302
176
848
1513
747
1499
1439
1438
315
196
466
410
403
93
1456
1479
355
462
763
1472
6400
453
759
437
619
2432
1386
120
6700
1442
415
1432
1548
1422
114
1397
206
202
204
6142
1544
422
8770
626
7008
7006
1483
1365
699
1511
1538
346
173
54
56
1462
2019
1518
516
1457
117
986
977
976
955
954
937
932
8
896
893
845
768
766
739
337
329
326
305
295
294
293
289
288
277
271
270
238
234
229
228
226
571
522
1470
1987
1430
1419
1418
526
267
209
65
391
392
2028
773
614
150
1408
572
162
1993
108
413
596
420
460
1543
358
1502
451
452
361
470
598
360
457
582
643
487
322
168
753
369
1509
2108
4672
185
43188
1541
1540
752
189
7464
191
5714
5717
5713
1459
408
6548
485
496
767
583
662
1449
1480
192
18187
1473
423
184
428
1448
4133
518
1458
1416
1429
533
1672
1671
1670
72
742
13721
13718
13715
13714
13701
1363
569
1464
1374
435
434
1427
1482
1532
1360
570
6141
4987
265
351
3984
174
480
472
2766
1361
373
17300
910
17007
380
414
1451
535
1395
1391
7326
432
479
473
781
383
2564
613
612
151
652
5303
1383
128
1542
19150
1453
190
258
1505
27009
744
27007
27005
27003
27002
1371
1423
775
141
1440
1396
352
438
1488
96
1508
67
552
618
316
1367
1407
217
439
528
148
530
284
5490
2
542
370
132
130
2016
15151
3421
142
248
364
48
216
205
5193
1491
124
116
1411
149
599
1469
564